1.64940087509 -0.679353769332
1.56988046637 -0.605918995382
1.49414199505 -0.592988400539
1.52943676858 -0.575557604108
1.51020860727 -0.560263620342
1.43963614482 -0.550869882192
1.47504490776 -0.531145452966
1.4582065601 -0.516256269197
1.3919946849 -0.510044469289
1.42724446241 -0.487578323513
1.46472183811 -0.531466634209
1.34957017327 -0.46966583734
1.38448394465 -0.444000798833
1.32423098667 -0.442541703097
1.35880789613 -0.414464255531
1.34628675403 -0.398798015574
1.28904017974 -0.399950623893
1.32295663339 -0.367707449529
1.31149404384 -0.351012584333
1.25693024981 -0.354633370668
1.29002175447 -0.317514972304
1.32985566903 -0.36188978953
1.2271643805 -0.305711213013
1.2592957403 -0.262868073251
1.2492817292 -0.242620779321
1.19933782037 -0.250766996801
1.23027110762 -0.201109890007
1.18167929503 -0.210596177806
1.21170286824 -0.155724723639
1.20222533603 -0.130407318773
1.15555092227 -0.141711627821
1.23451823781 -0.145114952019
1.17459358608 -0.04839281322
1.12967346101 -0.0611749151196
1.15612934576 0.0142558906704
1.14639614475 0.0497911006254
1.10309358543 0.0360816235245
1.12709345236 0.125464385409
1.08476541786 0.111565204407
1.1068209804 0.212013869431
1.09577557886 0.261685703532
1.05476402426 0.248430686516
1.12591009775 0.296813515986
1.06093435695 0.431145917914
1.02095128135 0.420161165364
1.03470862589 0.566894902852
1.01979746858 0.645647078608
0.980463798977 0.639248913218
0.987973420521 0.818880523155
0.969524006876 0.919591982842
0.930228050411 0.920911687923
0.929335202169 1.14204681211
0.889569147367 1.1505053455
0.938334683288 1.34197905511
0.853548739012 1.55894741743
0.811989953018 1.58115995386
0.790032025903 1.89166759794
0.752069081812 2.07986090191
0.707193366182 2.11528811835
0.666744511935 2.48172099705
0.618808137767 2.52102406282
0.569441339615 2.73062135062
0.506456144612 3.13312396326
0.497457864285 3.36635846602
0.38572007176 3.37584907461
0.297757371621 3.76196344248
0.241996004899 3.7277925585
0.139558304482 4.0593562419
0.0548614750543 4.15190484635
0.00365701638912 4.01742343853
-0.112470548115 4.21432909869
-0.196021341087 4.17739905605
-0.0404629771774 0.451018705597
